0.200 0.972 0.980 
0.300 0.963 0.955 
0.400 0.952 0.921 
0.500 0.937 0.878 
0.600 0.917 0.825 
0.700 0.890 0.765 
0.800 0.855 0.697 
0.900 0.809 0.622 
1.000 0.750 0.540 
1.100 0.676 0.454 
1.200 0.585 0.362 
1.300 0.476 0.267 
1.400 0.347 0.170 
1.500 0.202 0.071 
1.600 0.045 -0.029 
1.700 -0.118 -0.129 
1.800 -0.277 -0.227 
1.900 -0.425 -0.323 
2.000 -0.553 -0.416 
2.100 -0.660 -0.505 
2.200 -0.744 -0.589 
2.300 -0.808 -0.666 
2.400 -0.855 -0.737 
2.500 -0.888 -0.801 
2.600 -0.913 -0.857 
2.700 -0.929 -0.904 
2.800 -0.941 -0.942 
2.900 -0.949 -0.971 
3.000 -0.955 -0.990 
3.100 -0.958 -0.999 
3.200 -0.959 -0.998 
3.300 -0.959 -0.987 
3.400 -0.957 -0.967 
3.500 -0.953 -0.936 
3.600 -0.948 -0.897 
3.700 -0.939 -0.848 
3.800 -0.926 -0.791 
3.900 -0.908 -0.726 
4.000 -0.883 -0.654 
4.100 -0.846 -0.575 
4.200 -0.794 -0.490 
4.300 -0.722 -0.401 
4.400 -0.622 -0.307 
4.500 -0.491 -0.211 
4.600 -0.329 -0.112 
4.700 -0.142 -0.012 
4.800 0.055 0.087 
4.900 0.245 0.187 
5.000 0.412 0.284 
5.100 0.549 0.378 
5.200 0.656 0.469 
5.300 0.735 0.554 
5.400 0.793 0.635 
5.500 0.835 0.709 
5.600 0.864 0.776 
5.700 0.886 0.835 
5.800 0.900 0.886 
5.900 0.911 0.927 
6.000 0.918 0.960 
6.100 0.921 0.983 
6.200 0.923 0.997 
6.300 0.922 1.000 
6.400 0.919 0.993 
6.500 0.914 0.977 
6.600 0.906 0.950 
6.700 0.895 0.914 
6.800 0.879 0.869 
6.900 0.859 0.816 
7.000 0.833 0.754 
7.100 0.798 0.685 
7.200 0.754 0.608 
7.300 0.697 0.526 
7.400 0.627 0.439 
7.500 0.540 0.347 
7.600 0.438 0.251 
7.700 0.322 0.153 
7.800 0.193 0.054 
7.900 0.059 -0.046 
8.000 -0.076 -0.146 
8.100 -0.205 -0.244 
8.200 -0.324 -0.339 
8.300 -0.429 -0.431 
8.400 -0.519 -0.519 
8.500 -0.596 -0.602 
8.600 -0.659 -0.679 
8.700 -0.711 -0.749 
8.800 -0.753 -0.811 
8.900 -0.787 -0.865 
9.000 -0.815 -0.911 
9.100 -0.838 -0.948 
